 4.80821917808219e+002    2.76923076923077e-001
 4.98401826484018e+002    3.38461538461538e-001
 5.06392694063927e+002    3.44055944055944e-001
 5.17579908675799e+002    3.72027972027972e-001
 5.22374429223744e+002    3.77622377622378e-001
 5.31963470319635e+002    3.83216783216783e-001
 5.38356164383562e+002    3.83216783216783e-001
 5.44748858447489e+002    3.77622377622378e-001
 5.52739726027397e+002    3.83216783216783e-001
 5.63926940639269e+002    3.91608391608392e-001
 5.73515981735160e+002    3.88811188811189e-001
 5.78310502283105e+002    3.74825174825175e-001
 5.81506849315069e+002    3.66433566433566e-001
 5.87899543378995e+002    3.72027972027972e-001
 5.95890410958904e+002    3.66433566433566e-001
 6.24657534246575e+002    3.86013986013986e-001
 6.37442922374429e+002    3.86013986013986e-001
 6.47031963470320e+002    3.77622377622378e-001
 6.53424657534247e+002    3.83216783216783e-001
 6.61415525114155e+002    3.80419580419580e-001
 6.80593607305936e+002    3.77622377622378e-001
 7.01369863013699e+002    3.69230769230769e-001
 7.20547945205479e+002    3.66433566433566e-001
 7.34931506849315e+002    3.58041958041958e-001
 7.55707762557078e+002    3.52447552447552e-001
 7.68493150684931e+002    3.49650349650350e-001
 7.81278538812785e+002    3.46853146853147e-001
 7.92465753424658e+002    3.38461538461538e-001
 7.98858447488584e+002    3.38461538461538e-001
 8.05251141552511e+002    3.66433566433566e-001
 8.13242009132420e+002    3.27272727272727e-001
 8.24429223744292e+002    3.24475524475524e-001
 8.27625570776256e+002    3.32867132867133e-001
 8.42009132420091e+002    3.27272727272727e-001
 8.51598173515982e+002    3.21678321678322e-001
 8.64383561643836e+002    3.16083916083916e-001
 8.73972602739726e+002    3.13286713286713e-001
 8.80365296803653e+002    3.02097902097902e-001
 8.89954337899543e+002    2.96503496503497e-001
