 4.73684210526316e+002    7.77777777777778e-001
 4.88157894736842e+002    7.61904761904762e-001
 5.01315789473684e+002    7.53968253968254e-001
 5.09210526315789e+002    7.53968253968254e-001
 5.19736842105263e+002    7.50000000000000e-001
 5.31578947368421e+002    7.46031746031746e-001
 5.40789473684211e+002    7.50000000000000e-001
 5.52631578947368e+002    7.50000000000000e-001
 5.63157894736842e+002    7.50000000000000e-001
 5.73684210526316e+002    7.50000000000000e-001
 5.82894736842105e+002    7.50000000000000e-001
 5.85526315789474e+002    7.50000000000000e-001
 5.89473684210526e+002    7.61904761904762e-001
 5.97368421052632e+002    7.42063492063492e-001
 6.01315789473684e+002    7.50000000000000e-001
 6.06578947368421e+002    7.61904761904762e-001
 6.09210526315789e+002    7.53968253968254e-001
 6.18421052631579e+002    7.81746031746032e-001
 6.23684210526316e+002    8.09523809523810e-001
 6.28947368421053e+002    8.29365079365079e-001
 6.32894736842105e+002    8.37301587301587e-001
 6.35526315789474e+002    8.45238095238095e-001
 6.38157894736842e+002    8.65079365079365e-001
 6.42105263157895e+002    8.76984126984127e-001
 6.43421052631579e+002    8.53174603174603e-001
 6.46052631578947e+002    8.33333333333333e-001
 6.47368421052632e+002    8.17460317460317e-001
 6.50000000000000e+002    7.97619047619048e-001
 6.51315789473684e+002    7.85714285714286e-001
 6.52631578947368e+002    7.69841269841270e-001
 6.53947368421053e+002    7.50000000000000e-001
 6.56578947368421e+002    7.38095238095238e-001
 6.64473684210526e+002    7.38095238095238e-001
 6.75000000000000e+002    7.42063492063492e-001
 6.84210526315789e+002    7.46031746031746e-001
 6.97368421052632e+002    7.46031746031746e-001
 7.06578947368421e+002    7.50000000000000e-001
 7.13157894736842e+002    7.50000000000000e-001
 7.25000000000000e+002    7.50000000000000e-001
 7.35526315789474e+002    7.50000000000000e-001
 7.39473684210526e+002    7.50000000000000e-001
 7.40789473684211e+002    7.89682539682540e-001
 7.42105263157895e+002    8.13492063492063e-001
 7.43421052631579e+002    8.25396825396825e-001
 7.46052631578947e+002    8.17460317460317e-001
 7.48684210526316e+002    8.17460317460317e-001
 7.52631578947368e+002    7.85714285714286e-001
 7.55263157894737e+002    7.69841269841270e-001
 7.56578947368421e+002    7.65873015873016e-001
 7.61842105263158e+002    7.65873015873016e-001
 7.73684210526316e+002    7.50000000000000e-001
 7.89473684210526e+002    7.50000000000000e-001
 8.05263157894737e+002    7.50000000000000e-001
 8.26315789473684e+002    7.50000000000000e-001
 8.42105263157895e+002    7.50000000000000e-001
 8.51315789473684e+002    7.46031746031746e-001
 8.57894736842105e+002    7.50000000000000e-001
 8.65789473684211e+002    7.42063492063492e-001
 8.69736842105263e+002    7.34126984126984e-001
 8.73684210526316e+002    7.42063492063492e-001
 8.77631578947368e+002    7.34126984126984e-001
 8.81578947368421e+002    7.42063492063492e-001
 8.88157894736842e+002    7.26190476190476e-001
 8.90789473684211e+002    7.10317460317460e-001
 8.94736842105263e+002    7.30158730158730e-001
 8.98684210526316e+002    7.30158730158730e-001
