 4.80000000000000e+002    3.30985915492958e-001
 4.92727272727273e+002    3.45070422535211e-001
 5.05454545454545e+002    3.52112676056338e-001
 5.14545454545455e+002    3.52112676056338e-001
 5.21818181818182e+002    3.45070422535211e-001
 5.36363636363636e+002    3.38028169014085e-001
 5.41818181818182e+002    3.38028169014085e-001
 5.45454545454546e+002    3.30985915492958e-001
 5.52727272727273e+002    3.30985915492958e-001
 5.60000000000000e+002    3.16901408450704e-001
 5.74545454545455e+002    3.16901408450704e-001
 5.78181818181818e+002    3.09859154929577e-001
 5.85454545454546e+002    3.09859154929577e-001
 5.92727272727273e+002    2.88732394366197e-001
 6.01818181818182e+002    2.88732394366197e-001
 6.10909090909091e+002    2.67605633802817e-001
 6.52727272727273e+002    2.67605633802817e-001
 6.60000000000000e+002    2.60563380281690e-001
 6.63636363636364e+002    2.53521126760563e-001
 6.78181818181818e+002    2.53521126760563e-001
 6.83636363636364e+002    2.46478873239437e-001
 6.94545454545455e+002    2.46478873239437e-001
 8.16363636363636e+002    2.04225352112676e-001
 8.43636363636364e+002    2.04225352112676e-001
 8.45454545454546e+002    2.11267605633803e-001
 8.52727272727273e+002    1.90140845070423e-001
 8.61818181818182e+002    1.83098591549296e-001
 8.67272727272727e+002    1.83098591549296e-001
 9.01818181818182e+002    1.90140845070423e-001
 9.30909090909091e+002    1.83098591549296e-001
 9.40000000000000e+002    1.83098591549296e-001
 9.45454545454546e+002    1.76056338028169e-001
