 4.82500000000000e+002    6.31205673758865e-001
 4.88863636363636e+002    6.52482269503546e-001
 4.92045454545455e+002    6.73758865248227e-001
 4.98409090909091e+002    7.16312056737589e-001
 5.11136363636364e+002    7.23404255319149e-001
 5.19090909090909e+002    7.51773049645390e-001
 5.28636363636364e+002    7.58865248226950e-001
 5.41363636363636e+002    7.30496453900709e-001
 5.46136363636364e+002    7.09219858156028e-001
 5.63636363636364e+002    7.09219858156028e-001
 5.65227272727273e+002    7.02127659574468e-001
 5.71590909090909e+002    6.87943262411348e-001
 5.90681818181818e+002    6.31205673758865e-001
 6.05000000000000e+002    6.02836879432624e-001
 6.19318181818182e+002    5.81560283687943e-001
 6.33636363636364e+002    5.81560283687943e-001
 6.41590909090909e+002    5.67375886524823e-001
 6.49545454545455e+002    5.46099290780142e-001
 6.54318181818182e+002    5.39007092198582e-001
 6.70227272727273e+002    5.03546099290780e-001
 6.82954545454546e+002    4.75177304964539e-001
 6.98863636363636e+002    4.46808510638298e-001
 7.14772727272727e+002    4.39716312056738e-001
 7.27500000000000e+002    4.11347517730496e-001
 7.46590909090909e+002    4.04255319148936e-001
 7.56136363636364e+002    4.04255319148936e-001
 7.65681818181818e+002    3.90070921985816e-001
 7.80000000000000e+002    3.82978723404255e-001
 7.87954545454546e+002    3.75886524822695e-001
 7.92727272727273e+002    3.82978723404255e-001
 7.99090909090909e+002    3.68794326241135e-001
 8.03863636363636e+002    3.82978723404255e-001
 8.11818181818182e+002    3.12056737588652e-001
 8.19772727272727e+002    3.12056737588652e-001
 8.26136363636364e+002    3.33333333333333e-001
 8.30909090909091e+002    3.33333333333333e-001
 8.40454545454546e+002    3.19148936170213e-001
 8.56363636363636e+002    2.97872340425532e-001
 8.81818181818182e+002    2.62411347517730e-001
 8.89772727272727e+002    2.41134751773050e-001
